 K-ORDER        ABN1        ABN2    AVG.ASPR1    AVG.ASPR2   Order   RMSE1     E.TIME1     E.TIME2	FLIPS	JND MED
       0     4076.34     4076.34      8.77484      8.77484       0 32.5169     44.0582     44.0582	0	345.924
       1     3829.08     3829.08      9.07554      9.07554       1 32.6151        49.7        49.7	1744	343.51
       2     3620.48     3620.48      9.52029      9.52029       2 32.5547     52.4162     52.4162	2885	342.391
       3      3008.2      3008.2       10.059       10.059       3 32.5235     52.8883     52.8883	3569	340.913
       4      3008.2      3008.2      10.4897      10.4897       4 32.5685     51.6805     51.6805	4012	340.467
       5     3439.05     3439.05      10.7489      10.7489       5 32.5604     54.0573     54.0573	4387	339.739
       6     3276.74     3276.74      11.0447      11.0447       6 32.5689     54.3492     54.3492	4670	339.638
       7     3276.74     3276.74      11.2752      11.2752       7 32.4627     55.6834     55.6834	4876	339.425	
       8     3276.74     3276.74       11.479       11.479       8 32.4969     53.7856     53.7856	5118	338.868
       9     2895.93     2895.93      11.6198      11.6198       9 32.5144       52.27       52.27	5299	338.478
      10     2895.93     2895.93      11.8292      11.8292      10 32.5462     56.0502     56.0502	5395	338.061
      11     2895.93     2895.93      12.1088      12.1088      11 32.5431     54.5055     54.5055	5489	337.618
      12     2895.93     2895.93      12.2458      12.2458      12 32.5392     53.8242     53.8242	5614	337.157
      13     2895.93     2895.93      12.3474      12.3474      13 32.5355     54.0673     54.0673	5659	336.886
      14     2895.93     2895.93      12.5071      12.5071      14 32.5412     55.9002     55.9002	5739	336.544	
      15     2895.93     2895.93      12.6577      12.6577      15 32.5462     56.2538     56.2538	5832	336.385
      16     2895.93     2895.93      12.7498      12.7498      16 32.5491     54.0248     54.0248	5897	336.287
      17     2895.93     2895.93      12.9203      12.9203      17 32.5447     54.7082     54.7082	5939	336.074
      18     3140.14     3140.14       12.963       12.963      18 32.6788     53.7798     53.7798	5959	335.864
      19     3140.14     3140.14      13.0925      13.0925      19 32.6641     56.6997     56.6997	6013	335.836
      20     3140.14     3140.14      13.1624      13.1624      20 32.6696     52.6815     52.6815	6057	335.719
