 K-ORDER        ABN1        ABN2    AVG.ASPR1    AVG.ASPR2   Order   RMSE1     E.TIME1     E.TIME2	FLIPS	WABN MED
       0     15681.8     15681.8      8.77484      8.77484       0 32.5169     50.3125     50.3125	0	957.472
       1     14816.4     14816.4      8.71581      8.71581       1  32.519     48.9613     48.9613	1470	928.932
       2     14659.5     15259.5      8.79719      8.79719       2  32.511     51.1141     51.1141	2343	911.622	
       3     14290.1     14290.1      8.90408      8.90408       3 32.5156     49.6537     49.6537	2911	903.881
       4     14290.1     14290.1      9.04536      9.04536       4 32.5045     53.6605     53.6605	3237	902.103
       5     14151.3     14151.3      9.11233      9.11233       5 32.5664     55.8982     55.8982	3504	899.233	
       6       14113       14113      9.26288      9.26288       6 32.5552     54.1464     54.1464	3628	899.163	
       7       14113       14113       9.2947       9.2947       7 32.5443     55.1044     55.1044	3747	897.461	
       8       14113       14113      9.35432      9.35432       8  32.533      53.709      53.709	3900	895.094
       9       14113       14113      9.48722      9.48722       9 32.5379      57.064      57.064	3988	895.241
      10       14113       14113      9.50585      9.50585      10  32.547     58.8038     58.8038	4073	894.01
      11       14113       14113      9.54241      9.54241      11 32.5395     55.1359     55.1359	4131	893.069
      12       14113       14113      9.62289      9.62289      12 32.5627     55.0211     55.0211	4173	892.624
      13       14113       14113      9.65636      9.65636      13 32.5673     56.0131     56.0131	4212	891.941
      14     14126.6     14126.6      9.69372      9.69372      14 32.5649     57.5574     57.5574	4275	891.962
      15     14126.6     14126.6      9.73233      9.73233      15 32.5661     61.1987     61.1987	4317	891.810
      16     14126.6     14126.6      9.81119      9.81119      16 32.5586     58.6729     58.6729	4361	891.536
      17     14126.6     14126.6      9.88441      9.88441      17 32.5577     56.0725     56.0725	4395	890.951
      18     14126.6     14126.6      9.94653      9.94653      18 32.5578     56.1706     56.1706	4427	890.932
      19     14126.6     14126.6      9.96533      9.96533      19 32.5499     55.7569     55.7569	4473	890.290
      20     14126.6     14126.6      10.0079      10.0079      20 32.5469     55.6774     55.6774	4489	890.119
