 K-ORDER        ABN1        ABN2    AVG.ASPR1    AVG.ASPR2   Order   RMSE1     E.TIME1     E.TIME2	FLIPS	ABN MED
       0     175.449     175.449      8.77484      8.77484       0 32.5169     48.2327     48.2327	0	52.7934
       1     175.449     175.449      8.84285      8.84285       1 32.5221     55.1143     55.1143	1556	51.152
       2     175.449     175.449      9.18453      9.18453       2  32.496     60.3077     60.3077	2618	50.4066
       3     175.449     175.449      9.53874      9.53874       3 32.5134     62.0924     62.0924	3296	49.9024
       4     175.449     175.449      9.82489      9.82489       4 32.4915     68.1706     68.1706	3699	49.7191
       5     170.308     170.308      9.96691      9.96691       5 32.5449     91.7421     91.7421	3957	49.6216
       6      169.29      169.29       10.083       10.083       6 32.5462     92.9317     92.9317	4166	49.5247
       7      169.29      169.29      10.0668      10.0668       7 32.5248     93.1468     93.1468	4320	49.3910
       8      169.29      169.29      10.1398      10.1398       8 32.5485     93.5623     93.5623	4426	49.3015	
       9      169.29      169.29      10.2155      10.2155       9 32.5228      94.311      94.311	4530	49.2196
      10      169.29      169.29      10.2741      10.2741      10  32.514     94.0428     94.0428	4626	49.1713	
      11      169.29      169.29      10.3179      10.3179      11 32.5436     93.9957     93.9957	4730	49.1089
      12      169.29      169.29      10.3089      10.3089      12 32.5744     94.0896     94.0896	4773	49.0803
      13      169.29      169.29      10.4476      10.4476      13  32.602     94.1334     94.1334	4806	49.0802
      14      169.29      169.29      10.4936      10.4936      14 32.6302     92.9938     92.9938	4898	49.0249
      15      169.29      169.29      10.5618      10.5618      15 32.6018     93.1214     93.1214	4966	49.0203
      16      169.29      169.29      10.5774      10.5774      16 32.5844     93.2157     93.2157	5032	49.0198
      17      169.29      169.29      10.6306      10.6306      17 32.5806     66.4043     66.4043	5079	49.0131
      18      169.29      169.29      10.6878      10.6878      18  32.597     68.6116     68.6116	5125	48.9656
      19      169.29      169.29      10.7748      10.7748      19 32.5998     69.1729     69.1729	5165	48.9657
      20      169.29      169.29      10.8254      10.8254      20 32.6022     68.7228     68.7228	5197	48.9649
