 K-ORDER        ABN1        ABN2    AVG.ASPR1    AVG.ASPR2   Order   RMSE1     E.TIME1     E.TIME2
       0     94.9051     94.9051      2.90502      2.90502       0 26.4697     10.4384     10.4384
       1     87.9388     87.9388      3.04492      3.04492       1 26.6851     12.0029     12.0029
       2     80.4276     80.4276       3.2385       3.2385       2 26.9411     12.8944     12.8944
       3     78.1171     78.1171      3.39801      3.39801       3 27.0671     13.3659     13.3659
       4     77.7174     77.7174      3.54937      3.54937       4 27.0933     14.0006     14.0006
       5     77.7174     77.7174      3.67899      3.67899       5 26.9628     14.3817     14.3817
       6     77.7174     77.7174      3.77999      3.77999       6 26.9692     15.6496     15.6496
       7     77.7174     77.7174      3.85757      3.85757       7 26.9854     15.3297     15.3297
       8     77.7174     77.7174      3.90905      3.90905       8 27.0526     15.9396     15.9396
       9     77.7174     77.7174      3.96128      3.96128       9 27.2367     16.3839     16.3839
      10     77.7174     77.7174      4.02469      4.02469      10 27.2522     16.5421     16.5421
      11     77.7174     77.7174      4.08426      4.08426      11 27.2936     16.0431     16.0431
      12     77.7174     77.7174      4.13128      4.13128      12 27.2939     16.7047     16.7047
      13     77.7174     77.7174      4.15846      4.15846      13 27.2941     17.4751     17.4751
      14     77.7174     77.7174      4.19301      4.19301      14 27.2985     16.7178     16.7178
      15     77.7174     77.7174      4.21877      4.21877      15 27.2697      16.553      16.553
      16     77.7174     77.7174      4.25884      4.25884      16 27.2667     16.6358     16.6358
      17     77.7174     77.7174      4.29788      4.29788      17 27.2719     16.8903     16.8903
      18     77.7174     77.7174       4.3213       4.3213      18 27.2698     16.7738     16.7738
      19     77.7174     77.7174       4.3462       4.3462      19 27.4059     16.7717     16.7717
      20     77.7174     77.7174      4.37002      4.37002      20 27.4069     17.4576     17.4576
