 K-ORDER        ABN1        ABN2    AVG.ASPR1    AVG.ASPR2   RMSE1   RMSE2     E.TIME1     E.TIME2
       0     4076.34     4076.34      8.77484      8.77484      32 32.5169     43.1768     43.1768
       1     3829.08     3829.08      9.07554      9.07554      32 32.6151     46.4086     46.4086
       2     3620.48     3620.48      9.52029      9.52029      32 32.5547     50.7731     50.7731
       3      3008.2      3008.2       10.059       10.059      32 32.5235     53.3836     53.3836
       4      3008.2      3008.2      10.4897      10.4897      32 32.5685     52.8641     52.8641
       5     3439.05     3439.05      10.7489      10.7489      32 32.5604     54.5593     54.5593
       6     3276.74     3276.74      11.0447      11.0447      32 32.5689     54.3374     54.3374
       7     3276.74     3276.74      11.2752      11.2752      32 32.4627     55.0649     55.0649
       8     3276.74     3276.74       11.479       11.479      32 32.4969     53.5796     53.5796
       9     2895.93     2895.93      11.6198      11.6198      32 32.5144     55.3921     55.3921
      10     2895.93     2895.93      11.8292      11.8292      32 32.5462     56.1445     56.1445
      11     2895.93     2895.93      12.1088      12.1088      32 32.5431     52.8543     52.8543
      12     2895.93     2895.93      12.2458      12.2458      32 32.5392     56.5169     56.5169
      13     2895.93     2895.93      12.3474      12.3474      32 32.5355      56.372      56.372
      14     2895.93     2895.93      12.5071      12.5071      32 32.5412     56.4432     56.4432
      15     2895.93     2895.93      12.6577      12.6577      32 32.5462     56.2521     56.2521
      16     2895.93     2895.93      12.7498      12.7498      32 32.5491     56.2809     56.2809
      17     2895.93     2895.93      12.9203      12.9203      32 32.5447     55.5014     55.5014
      18     3140.14     3140.14       12.963       12.963      32 32.6788     52.9226     52.9226
      19     3140.14     3140.14      13.0925      13.0925      32 32.6641     52.9478     52.9478
      20     3140.14     3140.14      13.1624      13.1624      32 32.6696     53.8275     53.8275
